20.90204168455406
17.81853247704122
41.7721533224424
-5.4457878121845695
-9.82006066572482
-29.88674190483268
20.39859970908111
25.151928822699304
-37.17375796493677
42.77826382661669
22.11366540983236
-38.54587520319596
-7.206820720972546
31.081132784483586
8.904089584879575
-1.789057989246067
-49.394041087666245
30.86051187373701
27.749038245204403
-35.01967373945807
12.361201033385852
6.268476987711407
-22.365170124944573
47.96695576255229
-20.976391391285105
8.81283305758022
11.298442228821095
37.567675450660374
38.4492196884214
5.864698895254509
42.27347370080141
39.97100902272078
22.715055491663225
-45.808441252806546
-21.634562270358206
-40.84688471802265
-37.33841799355676
12.812538724502925
-24.239021595072284
26.147083284726932
30.151190953900418
-22.57868707058676
10.444033174367771
43.11264194807972
12.536287375111046
-3.6270141475493953
20.118870829181024
34.61545684503885
-7.217219585680941
-12.8216141716523
31.703891507275557
-7.2766039226189205
-35.785784814976196
10.53430414737535
-31.40860750054011
-35.62783678889118
30.49387676586105
48.83863192145215
31.954504925595064
33.09388316853582
-16.140035625823867
-20.969383680593214
-7.79477483782713
10.66308782828549
3.869104746290341
-7.776757502745358
-48.67233672506328
43.59734417666962
28.958858459895616
-28.885999195994316
-24.160693217325854
26.142365945669752
24.439060207865687
44.72598845505385
-19.359654448854194
-16.001926887053475
48.06207025508804
32.33790263751427
-42.64566477349298
38.930056575179485
14.82860292361074
-46.70834476553601
-26.593200889538892
-42.124768936327385
27.577335357686017
-41.723765556139185
-10.080033909981083
-29.556384305184178
-8.517620596173133
-15.476914240885229
39.78178626211079
28.12975639973116
37.09026276615676
-14.021461826198589
-49.94566958799122
15.83992394317065
-27.600003395068715
-4.386245793726797
-16.34924140306327
